327.6094265033315
302.42120932525285
281.44202270922534
265.6913147562035
250.13377148499012
234.61942478492654
216.95328015380136
199.92286399483524
183.2849974524996
165.93346045484327
148.71422545381608
131.4477352422997
114.79837761755658
99.67537715987558
95.40227233175197
89.48875992055342
94.72241882493167
92.677220965811
90.67815545732381
89.90948440387778
89.2631991931472
88.9993322795576
88.80900939005662
88.41993515566206
87.73300081712279
86.95590054794461
86.13250888217878
85.1751114825439
84.54164892993073
84.12545035271124
83.33799125183234
83.01242873121566
81.56721008422521
81.38347444889042
80.81364297103723
79.83872280993702
79.44634427975969
79.11834464617083
78.81311719094498
78.56100208888422
78.29917465643467
77.75367231454992
76.7343486090352
76.20659328220768
75.31569901938842
74.84505995675369
74.29301322884592
74.001048019469
77.04220767886798
76.0269592401232
77.67154844843782
77.22491196933731
85.33571736550368
84.91163322753778
84.7915043637434
84.57470307435312
84.25954890837616
83.67952504205026
83.81620186834446
83.77367137171689
82.93334068283143
82.93116328245071
82.50471114844532
82.65210057748591
81.18524739559375
78.98305902725039
78.48773999888628
78.72435374661535
78.5045285130318
74.7799475574952
73.88323456697447
73.68052573998767
73.32866480617467
73.17594022738055
77.34307938970012
75.90385550892952
75.48665159250768
75.02485923826268
74.77539688188351
74.30670754883907
73.81853644415524
73.3111579580717
73.23094176564709
72.84019449897963
71.66660515685764
73.63200789620561
72.55691561539791
71.97673015007496
71.60967526641461
71.45548953720565
70.99734367090079
76.45915259618461
76.0598651289557
75.63253479117101
75.87228024210822
75.89255645771206
75.24023119358353
75.14723313488105
75.15874182999666
74.83297380802885
74.9699383609222
75.5457274784802
73.64950419069854
73.31938597238496
73.32132196238253
73.06041687481546
73.1001999527276
72.98995178480742
66.79318722897848
67.69204578130066
68.00216781303664
67.67483691970662
67.46986837383322
67.69411068584989
67.60681142268233
67.8448484715323
67.5628756102378
66.8914326896428
64.91306363690123
64.9641869148657
64.77357513589268
65.06664876099187
65.19086589188684
65.02027244719365
64.41243569098103
69.45736037515164
66.6015694767074
66.91848116602412
66.96816457997251
66.72774587736106
66.75704979453658
66.45254800886507
66.51325013587122
66.64930568020561
66.46447404538493
66.26348874536612
66.30818354240499
65.7993854430932
65.9593135252727
65.71113641765243
65.83971749288963
65.23690897922656
61.284005532475135
61.14316240094719
60.602172161226534
60.44697727602799
60.47488210749532
60.45132840431891
60.41640225977384
60.336389245884284
60.335483949871346
59.99686124580474
58.68488732608745
58.77417015832399
58.76254559141307
75.20223036079214
75.49485518611597
75.35097906986853
74.50183881068489
73.89768794879483
74.60493072568752
73.24090355515493
73.54395822382727
73.70821055192387
73.44834518328851
73.7885179128579
73.03247235624272
73.1049315984269
73.41231530668958
71.91160716977792
