20.156525418
42.328147696
63.228383256
84.128480305
105.111428206
126.062826191
146.930931651
167.84103282700002
188.760922971
209.65296287900003
230.61104868500001
251.66559578000002
272.615952164
293.546658611
314.201954274
381.995653523
415.783398769
433.82523115
453.48495311799996
473.159129831
492.844837192
512.545751737
532.254408374
551.930048781
571.5985687269999
591.3123591619999
611.038484353
630.731482599
650.4056960769999
670.1115927599999
689.7452902369998
707.8853046199998
775.3137064509998
807.0310056779998
825.3160461099998
844.9582719779997
864.5731366699997
884.1653749179998
903.8154888069997
923.4739517219997
943.1239095369997
962.7979659759997
982.5497224089996
1002.3387845219996
1021.9577863719996
1041.6475770889997
1061.2873677759997
1080.8923179469996
1099.0348897619997
1166.4580714699996
1198.1461240389997
1216.1841860169998
1235.8299991869999
1255.4444684349999
1275.1165831429998
1294.9263949979998
1314.6024036479998
1334.2441735829998
1353.9559921829998
1373.5619763509999
1393.211651232
1412.8198258839998
1432.4672142829997
1452.2061139069997
1471.8750498799998
1490.2101687609997
1557.3097644319998
1588.9743743919998
1606.9923697809998
1626.7139484779998
1646.3203243299997
1665.9886390079996
1685.6813654009995
1705.2987870999996
1724.9604082159997
1744.6199558909998
1764.2442323239998
1783.8802092829997
1803.6600820009996
1823.3873560679997
1843.1105304889998
1862.8815273709997
1881.1008512069998
1948.4956608159998
1980.3016759429997
1998.4277551489997
2018.1457974969996
2037.8518856869996
2057.5930459659994
2077.3518468889993
2097.0521197129992
2116.787810669999
2136.647106855999
2156.313847675999
2175.980614313999
2195.669062193999
2215.335275265999
2235.006848434999
2254.693455976999
2272.817845709999
2340.367264581999
2372.3002901829987
2390.4616105479986
2410.160892791999
2429.9152614389986
2449.6051189539985
2469.3963200839985
2489.0920932389986
2508.857152033999
2528.592312382999
2548.248384145999
2567.8967012999988
2587.6112485789986
2607.2306867939988
2627.0258121539987
2646.7707824929985
2664.9137552969983
2732.2828391539983
2763.9890941549984
2782.0399305299984
2801.7665481129984
2821.4420033689985
2841.1149761669985
2860.8342211389986
2880.510172092999
2900.207624900999
2919.9438305629988
2939.715643371999
2959.484912781999
2979.831471795999
2999.7335216939987
3019.3813301559985
3039.0843322749984
3057.2379447609983
3124.5808940489983
3156.3348103579983
3175.011195176998
3195.0702878489983
3214.8953030979983
3235.3069087059985
3255.6913967379983
3275.8900739319984
3296.1965198789985
3316.5291323869983
3336.360771662998
3356.682009336998
3376.5960468679978
3396.751080291998
3417.2324017609976
3437.1418555519977
3455.384078979998
3523.1377916599977
3555.4122347459975
3573.5710229859974
3594.3896748639972
3614.527312762997
3634.854162215997
3656.647980469997
3677.061097447997
3696.803712480997
3716.497719333997
3736.6950566579967
3756.4381854509966
3776.0966652819966
3795.742673922997
3815.4678105469966
3835.1249019679967
3853.2873007909966
3921.2252459599968
3954.291044610997
